5308930859
1422785012
1707535720
5020178747
2669778038
5283937622
4682991839
6767208942
6350202175
1296971538
5872963521
5872963413
5283937510
5283933552
5872963493
5283936688
1401281048
5872963445
5503191825
1323498240
5283937722
5881414672
5283935077
5283937658
1399783495
1359688740
5873100371
5295413100
5283937864
5020178759
5283933990
5881413440
5872963389
6767208914
5789840238
5283936970
5881414604
5881414804
1207492831
5873037058
1627300624
1684434964
1293102653
1394487277
2546451515
5308930875
1611880290
1399783308
5873036994
5881414664
1326686372
5283933468
3034658765
1951391089
1384815141
5283933239
1296947459
5881413472
1381478804
4880357030
6767208934
5283935413
5872963393
5283937502
1382939376
5283937438
1973912143
5872963497
1293131415
5283936702
5283937832
5295391956
4682991991
1273109286
5295391928
1314006013
5283933548
1359682572
5283933243
3034658769
5283937182
5283936373
5881413484
5881413468
5283937202
1359682541
1326746019
4551106677
1627299857
5305057837
5872963409
5283937474
5295391944
1371263129
5031592319
5020178751
1341282177
1323498275
5283937738
5283937166
