446042138
610910075
610910074
1034870707
1034870730
1141863317
1141877896
1142045732
1144482362
1151759158
1157463435
1166095224
1178068951
1182609856
1202099538
1207492831
1219513201
1238365872
1238891370
1238890966
1255386800
1255386790
1263400011
1272142552
1273109286
1273181527
1275275244
1275275237
1275276937
1275276938
1275277443
1275277445
1277542303
1277542304
1277597448
1277914567
1277914577
1277914578
1277917987
1277917958
1277917971
1277917973
1277917979
1277917967
1277917969
1280101141
1290496095
1290496087
1290496066
1290546521
1290557973
1290602266
1291806510
1293056751
1293102558
1293102653
1293102618
1293131410
1293131397
1293131414
1293131411
1293131415
1295074584
1296947459
1296971538
1296971541
1297048423
1297050562
1301102575
1305075863
1306310498
1306395157
1306395167
1306395185
1306403179
1307258848
1307271235
1307271357
1307271218
1308385381
1312324066
1312324297
1314005972
1314005969
1314006013
1315224283
1323498240
1323498272
1323498253
1323498275
1323498188
1323607262
1323607298
1323607322
1323607273
1323607251
1323607310
1323607336
1323607349
1323607280
1323607305
1323621873
1323621867
1325441950
1325441937
1325589958
1325589850
1325590005
1325589752
1325589605
1326678347
1326678343
1326686391
1326686372
1326686395
1326686382
1326686373
1326686462
1326692600
1326692635
1326700159
1326746173
1326745885
1326746166
1326745770
1326746023
1326746019
1326746016
1330372213
1330372025
1332278582
1334283476
1340961856
1340961857
1341282177
1347085806
1349121786
1349410876
1351009060
1351492977
1351492971
1351493035
1357269168
1359682541
1359682572
1359688731
1359688740
1365472830
1371263129
1371432678
1377186996
1378321536
1378340558
1378365581
1379384954
1379384956
1379384974
1379384926
1379384938
1379423592
1379423598
1379423590
1379436495
1379440046
1379481600
1379548401
1379548398
1381310800
1381379445
1381478814
1381478815
1381478804
1381618283
1381618290
1381618276
1381618267
1382897701
1382906335
1382906346
1382906335
1382935021
1382934973
1382934997
1382939376
1382965134
1384760548
1384815141
1388487926
1388502525
1394487283
1394487277
1399783428
1399783495
1399783337
1399783572
1399783447
1399783308
1399783562
1399783379
1399783520
1420258742
1420258773
1420258788
1420258744
1422785012
1453645283
1478860721
1479099803
1610198342
1610229161
1610237467
1611880290
1620684167
1627299544
1627299858
1627299857
1627300624
1648844549
1664837236
1684351820
1684351594
1684434964
1684434874
1698413803
1707535720
1707535682
1799039914
1842471440
1897975322
1897975315
1897975331
1944629576
1944629629
1382965134
1951391089
1973912143
1973911947
1973911960
2019503462
2156995536
2156995512
1401281048
2546451515
2552570114
2669778007
2669778014
2669778022
2669778026
2669778030
2669778034
2669778038
2669778042
1319671391
3032447932
3034658749
3034658753
3034658757
3034658761
3034658765
3034658769
3034658773
3058003133
5789840238
3058003141
3058003145
3139598517
3166277758
4551056308
4551106673
4551106677
4682991817
4682991823
4682991839
4682991859
4682991875
4682991991
4682992007
4682992023
1281381058
4685033326
4880357029
4880357030
4880357041
4888369958
5017544137
5020178743
5020178747
5020178751
5020178755
5020178759
5031592319
5154297682
5154297692
5154297701
5154311885
5235257445
5283932306
5283933038
5283933090
5283933102
5283933122
5283933142
5283933150
5283933156
5283933166
5283933170
5283933174
5283933180
5283933186
5283933199
5283933207
5283933214
5283933218
5283933222
5283933226
5283933230
5283933239
5283933243
5283933247
5283933286
5283933298
5283933430
5283933434
5283933438
5283933442
5283933446
5283933450
5283933454
5283933458
5283933464
5283933468
5283933477
5283933481
5283933485
5283933497
5283933501
5283933505
5283933515
5283933519
5283933523
5283933528
5283933542
5283933548
5283933552
5283933556
5283933560
5283933565
5283933569
5283933573
5283933577
5283933581
5283933585
5283933594
5283933598
5283933602
5283933606
5283933610
5283933614
5283933618
5283933722
5283933726
5283933730
5283933734
5283933738
5283933742
5283933746
5283933750
5283933754
5283933758
5283933776
5283933790
5283933794
5283933798
5283933951
5283933990
5283933994
5283934010
5283934161
5283934169
5283934201
5283934498
5283934502
5283934510
5283934733
5283934797
5283935073
5283935077
5283935081
5283935085
5283935093
5283935097
5283935117
5283935413
5283935591
5283935813
5283935817
5283935921
5283936365
5283936369
5283936373
5283936377
5283936396
5283936400
5283936408
5283936628
5283936688
5283936702
5283936934
5283936970
5283936974
5283936986
5283936994
5283937154
5283937158
5283937162
5283937166
5283937178
5283937182
5283937198
5283937202
5283937206
5283937210
5283937214
5283937218
5283937226
5283937230
5283937234
5283937238
5283937270
5283937282
5283937290
5283937294
5283937298
5283937302
5283937306
5283937422
5283937430
5283937434
5283937438
5283937470
5283937474
5283937478
5283937482
5283937494
5283937498
5283937502
5283937506
5283937510
5283937622
5283937638
5283937658
5283937662
5283937666
5283937670
5283937710
5283937718
5283937722
5283937726
5283937730
5283937738
5283937832
5283937836
5283937844
5283937864
5283937893
5283937897
5283937907
5283937911
5283937915
5283937919
5283937923
5283937927
5283937931
5284361040
5295386312
5295386320
5295391924
5295391928
5295391936
5295391944
5295391952
5295391956
5295391960
5295413100
5295413104
5295413116
5295678404
5295678408
5295734247
5305057401
5305057409
5305057413
5305057417
5305057821
5305057829
5305057833
5305057837
5305057841
5305057845
5305057860
5305057867
5305057893
5305057901
5305057905
5308930846
5503191825
5308930859
5308930863
5308930867
5308930871
5308930875
5872930135
5872930139
5872930147
5872963057
5872963061
5872963069
5872963073
5872963077
5872963081
5872963385
5872963389
5872963393
5872963397
5872963401
5872963405
5872963409
5872963413
5872963417
5872963421
5872963425
5872963429
5872963437
5872963441
5872963445
5872963449
5872963453
5872963457
5872963461
5872963465
5872963469
5872963473
5872963477
5872963481
5872963485
5872963489
5872963493
5872963497
5872963501
5872963505
5872963509
5872963513
5872963517
5872963521
5872963525
5872963529
5872963533
5872963537
5872963541
5872963549
5872963553
5872982615
5873006382
5873006422
5873036732
5873036990
5873036994
5873037002
5873037038
5873037050
5873037054
5873037058
5873037062
5873037070
5873100371
5873100375
5876443914
5881413440
5881413444
5881413448
5881413452
5881413456
5881413460
5881413464
5881413468
5881413472
5881413476
5881413480
5881413484
5881414588
5881414592
5881414596
5881414600
5881414604
5881414608
5881414612
5881414616
5881414620
5881414624
5881414628
5881414632
5881414636
5881414640
5881414644
5881414648
5881414652
5881414656
5881414660
5881414664
5881414668
5881414672
5881414676
5881414684
5881414788
5881414792
5881414796
5881414804
5882599171
5930198845
6337888805
6337888809
6337888813
6337888817
6337888821
6337888825
6337888829
6337888833
6337888837
6345074124
6345074157
6345074165
6345075368
6345075372
6345075395
6350202169
6350202175
6363102583
6363172254
6363172258
6379243846
6391811410
6391811414
6391811418
6448222136
6448527479
6448552919
6448552927
6450157503
6450157516
6450205987
6515946296
6515946300
6516618891
6516618895
6621858259
6639562008
6766606390
6766606398
6766606415
6766606419
6766898602
6766898608
6766898612
6767161862
6767161870
6767161882
6767208890
6767208894
6767208898
6767208902
6767208906
6767208910
6767208914
6767208918
6767208922
6767208926
6767208930
6767208934
6767208938
6767208942
6767208946
6767208950
6769594951
6770152274