1190534130
1192527668
1232610700
1237743087
1244746411
1252259709
1252259775
1255918347
1282390227
1291882539
1323977229
1323977243
1332509895
1332530990
1353614991
1360357141
1360379496
1378242691
1387212128
1409409553
1472990685
1472995407
1472995408
1610277271
1610278045
1628886227
1628886511
1629307836
1673021483
1695072196
1781643750
1839595397
1921559888
1921559891
1921559894
1921559896
1921559899
2087119314
2223256596
2234665514
2683388599
2690933081
2690976508
2691450394
2691528053
2691552654
2696335689
2696338050
2696344696
2696347828
2696355435
2696356966
2696361667
2696369278
2698625270
2740376218
2781902124
2915562727
2941529514
2941741317
3201102278
3217143095
3239852539
4052733484
4150483689
4175995194
4194148519
4208936533
4323390797
4366015690
4409706564
4409742406
4458863889
4462536193
4649529194
4744721426
4802308021
4821345801
4888047539
4967461621
5059983406
5139077424
5181476586
5411605203
5855886454
5882954099
6173401431
6337704271
6560769486
6560770985
6594132565
6596357655
6709186316
6747124327
6753724747
6781831369
6793591524
6808245209
6808314640
6809104221
6815825002
6823844085
6825008856
6827989108
6835391504
6837019033
6837019034
6837050990
7247432315