1706210764
3762227631
2941706447
1238311149
419085103
3854884936
6379653880
3524011158
419085484
419079907
6728157555
3733977969
419083104
419082038
419051330
2551159542
419071704
419068066
1238710185
2941773394
419083336
419039921
4475996728
1682971785
419064529
1721704648
6934415092
419056074
5477241516
1626477335
6728157518
6350751481
1607716956
854653144
6724834370
1711645719
1889480601
6934415096
1894217150
2941773385
1655827875
4379326562
419055771
2895447303
6438602887
419052809
419061666
1240928815
419063673
1801646978
3807990750
5477366718
4466340637
419082683
1778280237
4778630318
3812631750
3326635556
419084018
1323498298
419055817
419082934
419063792
1615530689
5173473056
1400846905
419064600
419079607
2941773391
6873408390
1132082351
1345992499
972041729
1238348848
5882819660
3174601841
6869669558
1271458086
4061334042
419085090
6744601935
6448516330
2895447302
1301021074
419078201
5821176285
1589963364
5627105327
3776146647
419073776
419064355
3776164439
419064792
419082402
419050629
3323382372
1271458066
1085494487
1621603949
419060276
6448516327
419068969
1543811433
6902415495
1868443512
1626484104
1332029109
6839526629
1609145036
2990895623
5774732061
1801646475
1297455764
1706228637
5333361509
1297048345
419075523
3058980890
1682971832
6883634576
2990895407
1616060674
5884572101
6350751416
419082830
419085158
1237748587
419071944
5623040947
419062303
6606566660
1086155301
4778647853
1332033851
6350751415
5306304227
6448516321
419080140
5882819618
419059511
1345984828
419073125
5286598783
419080975
1336899845
5477244677
2941706455
1401194947
419069854
419062830
2552658665
419063618
3218945826
419085139
419082340
419060104
419083473
6839526644
6389572333
1086155460
419055423
419057398
576950963
419070957
419080928
419082033
610908976
419079651
3242674837
419076059
1301021072
4061333910
5562198794
4821426775
4228854395
1559355478
6839526641
3071323369
3326635583
1782335498
419076282
419068368
419071043
6830612867
419082423
1271395662
1453644564
6350908289
7137469689
3323639661
1707448146
6744562508
419068850
6873408389
5774732084
419060430
419063303
1519373166
419065084
3854884934
6350751602
2895405851
5774732067
1144514435
419086260
419051332
6875588308
1950465658
1353693348
6839526651
419062917
3562660411
419076821
3660757197
4778647856
6448541370
6852634026
1707215142
7357091554
419081550
419055698
419080269
5562198798
5627105315
3326635551
4313207484
1623286234
419073093
419084986
2523042576
419083128
419082657
7088203240
419070970
419064477
4475994466
1133521883
4382560814
419076528
5627105330
1682971789
1607938470
1346966673
1607717394
419076766
3445948820
1429698705
7089233389
419085148
3759187814
1624970199
4381255967
5477243923
419039614
419064615
2542657786
4775320330
6350751395
3323369499
1275281621
1271458181
5478021000
3218901509
1625118775
3118199317
3762230778
6814585934
419066559
3648318118
419055706
5884241476
4271237834
419076021
419056162
419070923
4763860160
419079867
1609954204
3934629505
419039775
419063573
419076552
6389572309
2552658653
419061142
5740991318
419056901
419076574
419087548
6869576487
6350751440
5774732064
4223731181
1782351109
4465039638
6397137479
419062953
1271458030
1238348857
6828761367
419084874
3410297279
5562198796
5740991949
4762767532
7083850134
6744545390
1833354479
419063365
2895405846
419063060
419092866
419055872
2895405844
6389572323
5306388290
419081576
419079628
7088203244
2895405845
419089392
419061873
4061334017
419083327
6389528569
4223731187
6438602893
1889679135
1607922687
1300397015
3475228557
2546606794
621103179
419064712
6795214359
2262603921
419050768
5627071082
6795214351
419084238
419070741
419086311
4271954440
1293164800
1615543850
2990895570
1813640822
6389589547
6397229713
1271458149
419056068
419080344
2262603927
419087279
1705401306
3273645192
4763860164
2262603884
1238710261
419062992
1333626613
6795214346
419056134
419053257
3733977946
3875727579
6438602891
419077559
5623040949
4246866026
1141969175
419040989
419063326
419085678
419064670
419082956
1086155445
419080655
419056711
1705401302
419070597
1615533971
3371513794
419063771
419077084
419059223
419069499
5740991312
419055450
419075735
1351522815
1305452769
4155509996
1123393384
1271458077
419064698
5333327445
3881526421
1889679141
1609144965
1779460661
419071813
5306535041
5173473046
419055540
1519373157
5562198802
3702786893
6448516324
1271458214
1230563412
419055309
6363282034
6382846244
419060010
1574278221
419059697
2990895412
3178486557
419069395
5654060985
1119662803
1077755209
5477170673
419083068
419085314
419052785
5562198810
1344715171
419080892
1631290965
538435442
419040753
1319678333
419079822
419064100
6795214314
1077755218
1706109514
5562198785
1272005933
419062426
419080249
1944610415
1082199062
419080564
1706241858
6761604076
5882988185
3349687262
419062891
419053741
6389572375
6389528642
6837222890
5477244409
6828761368
1706213202
419082924
4769948458
1038130902
5740991927
1252638187
419062970
1637417722
2990895409
6860789690
3868740057
6363282080
1609145110
419083715
419063688
419081119
6379654596
6728157546
419081391
1235738585
419077195
419070341
1086155155
3776162656
1633474332
419055945
1271395685
419055841
5306535288
419065137
559661178
5627105329
5562198807
419052746
419080822
3759187813
419071091
6728157524
419071026
419053175
1086155464
5652547031
1707111782
2990895572
419089895
1609965030
419080258
1631011918
1706267936
419052721
6381840292
3993857077
419055176
1707690588
2990895534
6389603964
419069525
419060852
2552658647
419057437
419067487
2990895543
1371120930
6724834378
2873374094
1281380787
4466364028
419085519
5758661135
419071357
1345984813
1611661229
419053162
419069047
419082319
6830388666
419067650
419077076
494341844
1260489784
4778630320
419056154
4338114607
3506658606
1252994797
5306375033
419069988
6537095510
419053106
6774616913
419070215
2990895624
3675849483
5286599728
6873408391
5478021001
1631436556
419070261
2688488569
419064628
6389528534
419071050
1278894363
2878923714
5774732065
1609905990
1235738586
1332029108
1271458107
419053165
419086281
3506658518
1260489773
6902488683
5882819650
419059666
6728157514
419070833
5799795523
5774732070
2990895625
2011094520
419050647
1706088269
6350751631
872139345
4228871946
419092259
419055403
1609102776
1609102795
419074230
419082264
1721712549
1229683805
1272068479
6795214317
419055786
3660757160
419068929
1442497752
4379326573
6830527421
5882748942
419056138
4444472396
1287220667
1332029111
419070048
1543811453
1291813557
6397229706
419084763
2552658657
419063014
3733977940
419053207
1271458117
2523036902
1299406183
419067837
1589963549
2552658671
2990895622
419075948
2262603911
6896129511
419062509
419055558
2895447304
1707690629
1271458052
419085292
3375013517
7141687376
3059015704
2895405889
3218901510
419054843
1607867488
1297375534
4475994465
419083415
3229846407
6902273702
5477167616
419085558
419076131
6396905100
1574278151
419060861
5740991930
1732822322
5333327446
5627105316
6379653874
419086900
6795214362
4061333649
419039875
2523038649
419055684
1333626666
3432047358
419084071
419079644
1615530685
6379268893
5882748591
1546739667
621103177
419055185
1607885617
3518937467
1607922795
3675849485
1682971819
3718755946
2895405840
6744557405
419077029
419080104
1344867581
419050939
6839526652
419081746
6869576486
1186418582
5477244174
7182620888
1656239228
419070672
419055728
419080265
6363284705
7311250528
419055460
6869552375
2544383152
6379653840
419059750
1332029100
6860946358
1625112873
7083850135
419076763
419055843
4392612765
4769857824
419071237
419059280
5143890422
419083599
1782351088
419080788
4821426774
1271457953
6396905096
3059637514
419078126
1607885822
419039620
5652547026
6389572311
419067198
419052766
4173432800
3854884937
419055668
419055543
6448564882
419041398
1371120920
1637746212
1260484979
6869552370
494334902
5733987213
6869576488
2990895592
6389572310
6389572084
2990895568
6871718007
6537095486
1721704660
5882819662
419055777
1781693228
6389572336
6795149870
1649132760
1706088261
3660757171
419070982
4173432790
6450157512 