419040022
419071309
6434596847
419064383
6434492615
7357091547
419088088
419064574
5112415468
419053200
2523456134
6397137454
1574286383
419064365
419068800
419072325
419100218
1306640686
1781693225
419071458
419050627
1263186550
3368418366
1133817555
3517430315
6350908298
419070529
5712434589
6389394601
6382846226
419072528
3748109453
3748768275
419040496
419070754
6379268875
419039406
419064326
419038867
419061492
5627071086
1557973421
419064693
3872333295
419059817
419078983
1983164402
419080999
3214952767
419078255
419041699
4175509319
419072917
1528392141
1801651281
419039104
419085823
6350751412
1158997474
7257182790
5214009163
5706528374
3206526368
419042817
4775344222
419063349
1453645599
6864666994
419093418
1256489671
1609965106
419085175
1236199414
1706177318
3689283722
1833359948
1682681091
6397096084
3231374086
1235748379
6389589575
2878923717
1305333853
6450268656
3371518197
6350751198
419069682
419064621
6537708939
1158997636
1227794921
1695915437
564288510
1238454342
419039812
419060474
419072526
4173432628
2262604012
419062102
6537060485
1608909840
7305948627
419098271
6725215203
419064984
765949464
3401430554
1851731925
419039462
1282390220
419055717
419064671
419071926
1271458220
1707395726
5317922840
1640533442
1191026150
419057046
419090469
1141979888
1853212276
6777812848
6350751207
419060790
7023048184
419062381
419041696
3784185532
419070505
419069838
3266065904
576932840
419041309
419061987
1658628841
2113327428
419066218
419082772
419074930
5712434596
4346499738
6795330255
1507033371
1621201383
419083518
1289123558
6728157536 