559726137
611194671
868130184
868183511
868528485
868552751
1003642350
1010994385
1121861318
1121861471
1219512732
1232270865
1234537456
1241969877
1246746069
1252994767
1259646717
1260680587
1276873966
1276889807
1277981093
1278979194
1280993894
1282389127
1291539856
1297017540
1297092628
1303826854
1305333918
1305429442
1307282409
1310523296
1310533906
1326176363
1326914036
1332616315
1334207780
1336814907
1338207610
1340920309
1341944309
1345665904
1346644626
1353605951
1357134110
1357163135
1357163136
1357163182
1361121415
1365472799
1367488914
1381313662
1392020912
1392024789
1392294628
1392294654
1392294663
1392294690
1392294714
1392294746
1393211877
1394388148
1401221925
1401221932
1401230804
1407223655
1407223658
1409658718
1413059671
1414036962
1414036967
1414060206
1414060215
1414060257
1414060271
1414163254
1430872601
1444833842
1444833890
1444833933
1444926068
1444950680
1473074913
1476967751
1477014762
1478700932
1488469460
1488486069
1604767804
1607610351
1607610391
1607717230
1607717512
1607717635
1607717665
1607755610
1607755782
1607867261
1607922501
1608243640
1609352944
1610247653
1611880834
1615248723
1615758824
1616917803
1617543432
1623943207
1635119977
1635120343
1635165230
1636238237
1650114864
1662319786
1662635242
1664509247
1672215578
1707065536
1729328844
1745456997
1758334847
1762498541
1762498573
1773372033
1782341426
1782360096
1782859856
1784388406
1784388418
1796937195
1798114917
1798283024
1799133181
1799151827
1881121353
1889612520
1889618979
1923953212
1941651664
1941659188
1996925200
2078480287
2078480290
2088750830
2116852915
2116853131
2116863892
2117963899
2209747296
2222798755
2242110582
2242110593
2473416824
2537044386
2544383144
2548521578
2552645712
2552645723
2569564223
2716545373
2780594105
2850377721
3005776789
3005777086
3005778135
3066897052
3067033890
3067033894
3067033912
3067033924
3067033928
3067035036
3067035040
3067035068
3067035104
3067035336
3115379610
3115379612
3116252476
3116253439
3144952633
3164141944
3172097014
3174177626
3185985223
3186014078
3201106055
3211251487
3211968184
3213672651
3213899763
3214009988
3214722942
3214722946
3214784303
3218664570
3218677863
3218940105
3222865221
3225500377
3225542464
3243981368
3243981378
3252026083
3254240499
3273660021
3304145693
3312372935
3323503815
3323507939
3323520924
3323639665
3324007125
3324007126
3326643409
3330080232
3330080235
3330080239
3334460026
3387482540
3387484894
3387484905
3387791063
3387793348
3387793578
3391334850
3395999488
3401451668
3402603290
3405218838
3415478310
3416167856
3424781213
3433844340
3445935133
3445935138
3445935140
3455088314
3455117138
3455121022
3470874011
3472640065
3474896587
3475212059
3475236580
3475247429
3475276331
3503818157
3514165857
3530512786
3541633056
3553596239
3557029654
3570908788
3570908790
3570908792
3641879050
3641910966
3656847121
3659658038
3661908616
3661944177
3687805825
3687813757
3690785822
3699521535
3707519369
3707521864
3731497059
3731524352
3733977945
3735423131
3745236558
3745249840
3770113583
3770113595
3771376667
3771392690
3782882906
3782882922
3782882926
3782882931
3782882936
3782884258
3786499961
3786511052
3787145551
3787149252
3787165547
3791159522
3812884113
3818253861
3818253865
3818254568
3833429974
3840270962
3854884941
3854884945
3870397022
3870397033
3870397038
3870481566
3896395505
4112079238
4112331556
4172573982
4172575408
4175509315
4228854396
4228854406
4271237817
4271237841
4271954431
4271954476
4286186456
4286186462
4316884084
4316884265
4316885462
4338114620
4396159006
4423253639
4467802856
4476005081
4476060553
4547936632
4547939506
4578217560
4616362348
4681297592
4736306452
4824678148
4880305355
4957514228
5061727661
5145947332
5377346621
5477339827
5505266404
5527087042
5643248115
5669430342
5711108807
5724039156
5789903755
5790647472
5825122788
5870701016
5870701044
5872929440
5872930105
5872930117
5872930127
5872930131
5873036712
5873036728
5875526425
5875526429
5878040303
5878141544
5878141550
5878549494
5882934276
5903699431
5903957465
5930198840
6267413214
6282689667
6412389273
6436209613
6436215601
6436215608
6436215612
6452496624
6452530627
6509396970
6509670301
6509670305
6509670311
6509670315
6511094125
6511094133
6596150900
6639535696
6654762931
6694995545
6694995552
6694995556
6694995562
6694995568
6718469169
6718469467
6718469483
6718469495
6718469525
6718469530
6718469534
6718469538
6718469542
6718469547
6718469550
6718469554
6718469567
6718469571
6718469575
6718469579
6718469583
6718469591
6718469599
6718469603
6718469607
6718469615
6718469619
6718725644
6718725652
6718725656
6718725660
6718725664
6718725668
6718725674
6718731294
6718731298
6718731302
6718731306
6718731310
6718731314
6718731318
6718731322
6718731328
6719775447
6719775457
6719775461
6719775465
6719804416
6719804420
6719804428
6719804432
6725671487
6727641170
6815894703
6824615230
6833212439
6835391550
6837222899
6868143020
6874090730
6876236738
6882784971
6882784975
6882784979
6883133459
6886327397
6886792031
6886792035
6886792039
6886792043
6886792047
6886792311
6893686695
6893686727
6893686731
6893686764
6893686965
6896076067
6896076081
6896077185
6896077189
6900136559
6900136563
6902188234
6902415491
6908510818
6908924691
6909144203
6909229056
6909229060
6909288868
6912213224
6912235360
6912235368
6912317893
6912623088
6912623092
6912623102
6912623106
6912863620
6916083920
6925553854
6935833960
6943336548
6943336552
6943826139
6949004572
6952494059
6952494080
6990395327
6990395331
6990395339
6990395343
6990395347
6990395351
6990395355
7003793138
7010957632
7010957636
7062365825
7289683383
7353852665 