446032601
446042138
446042254
446042352
494338453
538301564
538315186
538315194
538315220
538315240
539068262
539142799
582141867
610910074
610910075
611191178
611194663
611199336
611202311
846868581
846868793
846868917
868027787
868027820
868082390
868122672
868140377
868183387
868183463
868183535
868322549
868330614
868330630
868330636
868333174
868528446
868528457
868528477
868528525
868528543
868528560
868529193
868529916
868529944
868534028
868534037
868544173
868544175
868544209
868559698
868604663
868604664
868604679
868604680
868604692
869910287
869910297
869917175
869917577
869920414
869929206
1003988221
1003988222
1003998496
1003998503
1003998522
1003998524
1003998527
1003998545
1003998547
1032923818
1032923844
1032923955
1032923978
1032924010
1032924022
1032924049
1032924075
1034870707
1034870730
1079201768
1079208651
1090697906
1110313659
1110326690
1110326724
1111437249
1111437381
1111437454
1111437615
1111437662
1111437664
1111437727
1111437776
1111437785
1111437791
1111494872
1111494931
1111494956
1111494969
1111495064
1111495136
1111495154
1111495173
1112565283
1112565293
1112565294
1112565296
1112565302
1112899365
1112899366
1140836801
1141863317
1141877896
1142045732
1143799099
1143799141
1143799157
1143799163
1143799186
1143799214
1143799224
1143799247
1144071988
1144072032
1144072100
1144072106
1144072115
1144482362
1144924423
1147293969
1147606183
1147606185
1147606203
1147799698
1151759158
1151763107
1154363739
1157417317
1157417369
1157417372
1157417438
1157417479
1157417532
1157417555
1157417561
1157417586
1157417605
1157417645
1157417657
1157417674
1157417703
1157417711
1157417714
1157417722
1157417724
1157417726
1157417738
1157417740
1157417745
1157417769
1157417801
1157463134
1157463435
1157780501
1157781621
1159647772
1159648527
1159649140
1159649447
1159767555
1162167439
1162167464
1162167530
1162167607
1162167635
1162167854
1162167896
1162167959
1162167970
1162168107
1162168109
1162168211
1162168226
1162168271
1162168342
1162168356
1162168514
1162168519
1162168574
1163414944
1163415171
1163415411
1164026916
1166095224
1171698852
1178068951
1182159918
1182160006
1182609856
1185763034
1185763044
1185776301
1185776311
1185776314
1185776315
1185776320
1185776343
1185776345
1185776352
1185776363
1185776372
1187583462
1187583468
1187583469
1187583479
1187583505
1187583511
1187583512
1187583556
1187583562
1187603453
1187603465
1187622374
1187622376
1187622379
1187622473
1187622477
1187622500
1187622527
1187622534
1187622537
1187622541
1187622547
1187622548
1187622557
1187622697
1187622704
1187622706
1189790466
1202099182
1202099206
1202099277
1202099287
1202099318
1202099339
1202099384
1202099430
1202099432
1202099451
1202099456
1202099465
1202099478
1202099491
1202099538
1202099552
1202667848
1207402519
1207415412
1207415417
1207415443
1207453467
1207492831
1209332853
1209332904
1209332905
1209332934
1209361431
1210403223
1210403286
1210403396
1210403559
1210403665
1210403741
1210404035
1210404090
1210404271
1210404304
1210404344
1210404411
1210404422
1210404459
1210404544
1210404548
1213884541
1213884567
1217757560
1219471386
1219471428
1219513191
1219513201
1219548352
1219612255
1219612334
1229683765
1229683772
1229683787
1229683813
1229683817
1229683854
1229683856
1229683904
1229683929
1229684062
1229684106
1232249534
1232270792
1234163942
1234163945
1234164003
1234164015
1234164019
1234164077
1234602904
1234602936
1234602944
1235716760
1235720811
1235721200
1235721676
1235726064
1235727093
1235727860
1235728984
1235730221
1235730223
1235730233
1235742054
1235742564
1235754047
1238227738
1238227751
1238227752
1238227799
1238227802
1238227806
1238227814
1238227834
1238227850
1238227859
1238227865
1238258916
1238258922
1238266711
1238277866
1238365838
1238365863
1238365872
1238365880
1238365950
1238385950
1238385962
1238385973
1238385976
1238407762
1238407764
1238407772
1238407776
1238407780
1238407783
1238407791
1238407792
1238407795
1238407796
1238407805
1238407813
1238407820
1238418620
1238418625
1238423110
1238423113
1238423114
1238425078
1238425089
1238488773
1238488799
1238488825
1238592704
1238592727
1238592732
1238592734
1238592736
1238592757
1238592759
1238592762
1238592808
1238592815
1238592829
1238592832
1238592851
1238592857
1238592872
1238592874
1238862111
1238862126
1238890966
1238891051
1238891318
1238891370
1240920660
1240941423
1240946519
1241540573
1241950978
1242022452
1242022459
1242022481
1245385350
1245385359
1245385376
1245385381
1245385392
1245385432
1245385533
1245385651
1245385721
1245385725
1250893280
1250893316
1250893318
1250996612
1250996623
1250996633
1250996686
1250996690
1250996700
1250996733
1252994597
1252994666
1252994854
1255208706
1255210960
1255323609
1255323636
1255330373
1255350522
1255358137
1255358140
1255385210
1255386790
1255386800
1255455733
1255455746
1255487436
1255495511
1255504457
1255504481
1256465637
1256481475
1256481477
1256481479
1256481491
1260479078
1260479097
1260479103
1260479105
1260479120
1260479121
1260479133
1260479134
1260479144
1260479155
1260479163
1260484974
1260484981
1260484991
1260485013
1260485017
1260485030
1260485040
1260486331
1260486344
1260486349
1260486357
1260486363
1260486365
1260487604
1260487617
1260487633
1260489789
1260680482
1262309379
1263369714
1263369745
1263369749
1263369751
1263369755
1263369760
1263400011
1263406812
1263406813
1263406816
1263406818
1263406828
1263406830
1263406834
1263406852
1263406858
1263406860
1263406863
1263427556
1263427565
1263427568
1263427578
1263427586
1263434858
1263434879
1263441629
1263458153
1264685626
1266967590
1266967597
1267119736
1267165567
1267207272
1267207273
1267207279
1267207281
1267207283
1267207299
1267207313
1267207324
1267207329
1267207337
1267207339
1267207353
1267217081
1267260848
1267425367
1267425409
1267425446
1267425448
1267425474
1267425512
1267425592
1267425683
1267425780
1269931641
1269931653
1271457941
1271457947
1271457952
1271457959
1271457965
1271457970
1271457999
1271458012
1271458015
1271458059
1271458067
1271458097
1271458176
1271458183
1271458199
1271458201
1271485228
1271976524
1271976526
1271976532
1271976533
1271976547
1271976572
1271976588
1271981105
1271981123
1271981124
1271981128
1271981129
1271987199
1271987201
1271987207
1271987211
1271992733
1271992737
1271992749
1271992775
1271992779
1271992792
1271992799
1271992805
1271995534
1271995541
1271995545
1271995569
1271995571
1271995585
1271995629
1272005843
1272005873
1272005904
1272005953
1272013917
1272013921
1272013931
1272013960
1272026753
1272031765
1272031781
1272031794
1272031822
1272038487
1272038495
1272038518
1272142552
1272149248
1272149252
1272149357
1273102183
1273102184
1273102189
1273102192
1273109286
1273144218
1273181527
1273181602
1275275232
1275275237
1275275244
1275275714
1275275734
1275276937
1275276938
1275277443
1275277445
1277542303
1277542304
1277580840
1277597448
1277914567
1277914577
1277914578
1277917958
1277917967
1277917969
1277917971
1277917973
1277917979
1277917987
1277953646
1277958453
1277958474
1277958544
1277958546
1277958555
1277958603
1277958609
1277971582
1277971585
1277971586
1277985672
1278871150
1278905015
1278990712
1279014593
1279014641
1279031835
1280101141
1280990744
1280990756
1280993871
1280993885
1280993887
1280993905
1280993907
1280993915
1280993928
1280993929
1280993939
1280993966
1280993971
1281381058
1281405608
1281405644
1281405655
1281405669
1281405686
1281405706
1281405716
1281405738
1281405739
1281405789
1281405806
1281405834
1281405890
1281405905
1281405917
1281405928
1281405944
1281420542
1281420600
1281420616
1281420661
1281420678
1290495996
1290495998
1290496015
1290496023
1290496055
1290496066
1290496072
1290496087
1290496090
1290496095
1290496102
1290496112
1290546486
1290546495
1290546521
1290557970
1290557973
1290602266
1290625904
1290625963
1290667153
1290686101
1290686133
1290686152
1290686154
1290794001
1290802815
1291449616
1291454130
1291454145
1291454148
1291454151
1291454154
1291454160
1291454167
1291484586
1291487720
1291806510
1292753192
1292753194
1292753196
1292753219
1292768080
1292768119
1292768135
1292768136
1292768181
1292798294
1293056751
1293102558
1293102596
1293102618
1293102653
1293131397
1293131410
1293131411
1293131414
1293131415
1295074584
1295120675
1296940120
1296947459
1296957700
1296957717
1296957722
1296957727
1296957777
1296957821
1296957835
1296957837
1296957845
1296957860
1296957872
1296957916
1296957919
1296959206
1296959221
1296959242
1296959247
1296959253
1296971538
1296971541
1297017320
1297017340
1297017354
1297017355
1297017360
1297017392
1297017409
1297017414
1297017427
1297017448
1297017489
1297017502
1297017529
1297024015
1297024016
1297024026
1297024041
1297038688
1297048349
1297048353
1297048389
1297048393
1297048403
1297048404
1297048414
1297048423
1297050562
1297061751
1297061752
1297065332
1297065340
1297065344
1297065359
1297076116
1297076126
1297076151
1297076154
1297076169
1297076190
1297076195
1297076196
1297076197
1297076198
1297076234
1297088302
1297092554
1297092569
1297092571
1297092625
1297123866
1297123869
1297123872
1297123875
1297123878
1297123884
1297123885
1297123896
1297123900
1297130453
1297130455
1297130483
1297130515
1297130527
1297135448
1297135460
1297142327
1297173922
1297173968
1297173984
1297174013
1297174085
1297174104
1297174127
1297174155
1297174210
1297174447
1297375462
1297375516
1297375517
1297375538
1297375546
1297375556
1297375557
1297388805
1297388815
1297388844
1297388853
1297388882
1297396274
1297396277
1297416528
1297416531
1297416572
1297420667
1297420678
1297420686
1297448131
1297488248
1297488275
1300984514
1301052776
1301102575
1302266324
1303025986
1303026002
1303039241
1303039375
1303039379
1303039410
1303039420
1303108622
1303108634
1303108636
1303108641
1303108650
1303108660
1303108724
1303255602
1303614411
1303614444
1303641147
1303876872
1303876880
1303888620
1305052427
1305075863
1305095470
1305277701
1305277754
1305277755
1305333805
1305333919
1305397877
1305397884
1305429441
1306296972
1306296976
1306297008
1306297012
1306310204
1306310337
1306310498
1306310801
1306395157
1306395167
1306395185
1306403179
1307258848
1307271218
1307271235
1307271357
1307288420
1308385381
1308477879
1310533888
1310533911
1310533912
1310556526
1310556572
1310556633
1310578965
1310578982
1310589208
1310589214
1310651245
1310764443
1310963529
1311716429
1312271275
1312324066
1312324250
1312324297
1312324401
1313922067
1313996301
1314005969
1314005972
1314006013
1315224283
1319671351
1319671372
1319671373
1319671391
1319671420
1319671434
1319671455
1320027046
1320034573
1320102754
1320102756
1320102772
1320102787
1323498126
1323498145
1323498188
1323498240
1323498253
1323498272
1323498275
1323510874
1323510876
1323607251
1323607262
1323607273
1323607280
1323607298
1323607305
1323607310
1323607322
1323607336
1323607349
1323621867
1323621873
1325441937
1325441950
1325589605
1325589752
1325589850
1325589958
1325590005
1325601777
1325601787
1325601796
1325601809
1325601817
1325601827
1325601835
1326678298
1326678313
1326678343
1326678347
1326686372
1326686373
1326686382
1326686391
1326686395
1326686462
1326692600
1326692635
1326700159
1326701689
1326745770
1326745780
1326745885
1326745929
1326746016
1326746019
1326746023
1326746048
1326746166
1326746173
1327131753
1327148731
1327148739
1327148741
1327148765
1327153802
1327153817
1327153818
1327153824
1327164834
1327164848
1327164853
1329613922
1329613941
1329615548
1329615560
1330372025
1330372037
1330372196
1330372203
1330372213
1331238735
1332278582
1334283476
1334652242
1334652252
1334652259
1334652266
1338513016
1338642165
1340961856
1340961857
1340984963
1340998984
1341022189
1341022194
1341022196
1341022198
1341022199
1341022200
1341022205
1341022212
1341022215
1341282177
1341930344
1341930348
1341930350
1341944368
1341944381
1341944466
1342966136
1344715158
1344715160
1344715162
1344781957
1344782003
1344782005
1344782020
1344782055
1344782058
1344782100
1344782103
1344782114
1344782221
1344841751
1344841780
1344841793
1344960741
1345840549
1345840552
1345840564
1345840600
1345840606
1345840618
1345840650
1345860074
1345860095
1345866389
1345866392
1345866414
1345868742
1345878086
1345878089
1345878092
1345878097
1345878099
1345878100
1345878104
1345878122
1345878125
1345887618
1345887710
1345887713
1345891752
1345992504
1346004941
1346004943
1346004988
1346004989
1346005016
1346005037
1346010562
1346010563
1346010565
1346010568
1346010574
1346011113
1346011116
1346898403
1346898482
1346898495
1346898541
1346907982
1346912618
1346912630
1346912638
1346928075
1346928168
1346928180
1346928190
1346949448
1346957616
1347085785
1347085790
1347085799
1347085806
1347085807
1347085844
1347085854
1347085861
1347085864
1347085886
1347097403
1347097408
1347097419
1347097435
1347249889
1347249938
1347249978
1347249991
1347249995
1347250129
1347259243
1347259269
1347259294
1348100585
1348100594
1348100598
1348100618
1348100620
1348100623
1348148603
1348148699
1348172844
1348172848
1348172853
1348172873
1349103738
1349103743
1349103750
1349118427
1349118435
1349118437
1349118440
1349121786
1349183317
1349410876
1349538938
1351009060
1351492971
1351492977
1351493035
1353860261
1353860275 