765949464
868542068
1111437205
1135107701
1190534130
1192527668
1202730854
1202730863
1202732501
1216454299
1232610700
1237743087
1244746411
1249789783
1252259709
1252259775
1255918347
1256827489
1259646717
1275275703
1277962678
1278894359
1280094063
1280094472
1281443756
1282390227
1290612129
1291882539
1292570493
1297130533
1305333786
1306733526
1310651437
1313544117
1314389266
1323977229
1323977243
1325441939
1325489297
1330377626
1332355043
1332509895
1332530990
1332707647
1351522843
1353614991
1357415063
1360357141
1360379496
1361121233
1367454842
1378234324
1378242691
1378352785
1378396292
1379444587
1386027692
1387194718
1387212128
1388408157
1388451807
1397174261
1399724406
1409409553
1472990685
1472995407
1472995408
1498033787
1590881590
1610277271
1610278045
1621201327
1628855865
1628886227
1628886511
1628924359
1629307836
1630223568
1633473973
1636751835
1641555102
1673021483
1684688486
1695072196
1769843375
1781643750
1833354470
1839595397
1856202239
1921559888
1921559891
1921559894
1921559896
1921559899
1937038437
2087119314
2097072142
2102760887
2103403817
2136188588
2150915467
2157395784
2170871936
2170872832
2223256596
2234665514
2683388599
2689323891
2690933081
2690976508
2691079533
2691450394
2691528053
2691552654
2691558085
2691592821
2694431755
2696335689
2696338050
2696344696
2696347828
2696355435
2696356966
2696361667
2696369278
2698625270
2724883106
2740376218
2781902124
2915562727
2941529514
2941741317
3067009193
3067033932
3201102278
3213995037
3213996923
3217143095
3218664561
3239686659
3239852539
3274658231
3303832293
3333757722
3338485482
3355853269
3369938480
3401443290
3472585944
3525036619
3710174148
3837838557
3854884922
4052733484
4133297777
4150483689
4161844891
4175995194
4182818217
4194148519
4198378092
4207039739
4208936533
4232494431
4323390797
4345962590
4361546389
4362468793
4366015690
4373994199
4391631049
4409706564
4409742406
4458863889
4462536193
4601142207
4631814426
4649529194
4662932313
4697576633
4720274689
4744721426
4769063621
4778321421
4802308021
4821345801
4871458138
4888047539
4963239585
4967461621
4982929852
5059983406
5139077424
5181476586
5411605203
5671756897
5855886454
5878039662
5878141638
5882954099
6173401431
6337704271
6560769486
6560770985
6594132565
6596357655
6709186316
6747124327
6753724747
6781831369
6788970079
6788990085
6793591524
6808245209
6808314640
6809104221
6815824999
6815825002
6823844085
6825008856
6827989108
6835391504
6837019033
6837019034
6837050990
6893686878
6893686879
6893686889
6912597278
7141706275
7247432315 