6379654630
1707193175
1276811540
4821426774
419050893
564288512
1086155291
3059637514
5879496465
419077924
494341844
419070505
419072494
6716065212
6389572325
419059671
419067712
4444009354
419067837
3684703421
1234310608
1615248706
6761604070
4223731187
3787150357
419051099
3718736656
419059160
3656255138
1673810901
2551159518
5884572102
2544401410
419069885
419070142
3652068822
6795214359
6896077201
2703925029
419071168
419063445
3837425275
5718651509
419098264
419050939
419083336
6363282028
3170063319
3851047980
419061647
6379268892
419103558
5317915469
419070424
3934629505
3518937450
3350455156
2835860168
419059512
1086155163
3229647947
5884170322
2948351033
4228871945
846868435
1801667676
419059980
419047666
6389589562
419059838
4228871943
419062429
419070058
419068542
5669439074
3711045750
6465391092
419071546
419068850
3348398622
3332262038
3116346287
1277981099
3687036960
3682658932
5626903488
6860946356
3800295068
1707097470
1246788944
2948318114
1615530694
419072267
419040999
3363135219
1238412798
419069717
419070831
1145509399
6814585934
1707429951
1234310596
1466943924
1623700241
419071160
419072735
1707215404
4775320337
6718209678
3168341770
1635614212
6382907860
419071961
6840654681
3483566536
1241176176
1668692617
4271954465
3776164436
5214009163
1779466535
419068477
419063626
3514870930
1607716890
3762230778
6389572306
1782360089
6363282034
3371496079
3116252482
3759187813
6350751019
3714522258
3818253857
419053795
5881194772
3116405051
419057651
419063595
994670939
4271954470
419059315
1710255257
419062336
419069083
3402603287
3164372906
4174274050
5733988225
1086155351
5711786046
1306346805
3518937457
419056162
3656255143
419060589
3687667263
3116252484
4223731693
3214952767
3514870933
6379653880
419055581
1829341779
419050001
6389572351
3445945132
1341282180
3445958394
6282689668
1781693247
1234537411
419071953
2523036902
419088099
1287220667
6379654638
1429698705
1801667706
4256167034
5061724587
4228871946
3656847122
1444939953
6389589550
1889638926
419053412
1299406183
2766814749
1729328850
3116252483
7141687376
6382907878
5306388290
3707519368
1132082351
6761604079
1795402221
3830308911
6830612869
6363284705
3536172876
1670379162
4223731184
3893100615
4223731185
3395999481
1273161852
3472640064
1335293973
847640579
419062645
6742092425
1145509464
6059483416
494334902
3323504240
6839526619
419083447
2895405849
1889679141
6399507825
6934415092
1710255195
419062829
3641940279
3506851398
3455092347
3207323652
3661078264
3214745941
6059483419
419071771
4228854395
1616060674
3058007266
419083679
3214626867
4922166507
1609145110
3058007269
1081839515
1707065537
2116852962
419068921
1305452773
4775342518
419073361
1944736188
419052920
6350751219
3763416684
5306535286
419070852
419081746
3926203932
419052861
3174571602
1528410425
3837845168
3475410038
3870481557
3206435063
4230612053
3761103709
2716590745
1682724479
3214972169
1559355478
6902962501
2117963890
1635651662
847640568
419063441
3226317562
3195192857
3837753848
3164145051
4093706160
419064310
6389528549
419062099
1307629808
3506846800
1256562910
6350751227
6839526651
6389528618
419079395
1322127467
3116252479
419070939
6896077199
1670233924
1708866731
3896404607
3718759720
4173432659
4396159001
6379653818
1310379257
419070042
1607717207
3733977946
1305333752
4271954483
1706267936
419065659
5733988222 